2
forehanddrop: 2.23, backhanddrop: 2.33, forehanddrive: 2.44875, backhanddrive: 1.3275000000000001, forehandcross court lob: 2.4533333333333336, backhandcross court lob: 2.3433333333333333, forehandtwo wall boast: 1.8275000000000001, backhandtwo wall boast: 0.9550000000000001, forehandvolley kill: 1.865, backhandvolley kill: 1.54, forehandvolley drop: 2.1566666666666667, backhandvolley drop: 2.02, 
forehanddrop: 2.48, backhanddrop: 2.1550000000000002, forehanddrive: 2.584, backhanddrive: 1.3733333333333333, forehandcross court lob: 2.13, backhandcross court lob: 1.99, forehandtwo wall boast: 2.75, backhandtwo wall boast: 0.99, forehandvolley kill: 2.1799999999999997, backhandvolley kill: 1.78, forehandvolley drop: 2.24, backhandvolley drop: 2.15, 
