5
forehanddrop: 2.41, backhanddrop: 3.61, forehandstraight kill: 1.93, forehandvolley drop: 2.62, backhandvolley drop: 2.915, 
forehandvolley drop: 2.6399999999999997, backhandvolley drop: 2.7899999999999996, 
forehanddrop: 2.4, forehandvolley drop: 2.4699999999999998, backhandvolley drop: 2.83, 
forehanddrop: 2.885, backhanddrop: 2.815, forehandvolley drop: 2.35, backhandvolley drop: 3.04, 
forehanddrop: 2.6799999999999997, backhanddrop: 2.7525, forehanddrive: 3.02, backhanddrive: 1.65, 
