3
forehanddrop: 2.9699999999999998, forehanddrive: 2.145, backhanddrive: 1.6, forehandtwo wall boast: 2.17, forehandstraight kill: 1.9, forehandvolley kill: 1.69, forehandvolley drop: 2.98, 
forehanddrop: 3.075, forehanddrive: 1.8566666666666667, backhanddrive: 1.38, forehandtwo wall boast: 2.025, forehandvolley drop: 2.5250000000000004, 
forehanddrop: 2.36, backhanddrop: 2.32, forehanddrive: 1.8699999999999999, backhanddrive: 1.15, forehandtwo wall boast: 1.8599999999999999, backhandtwo wall boast: 0.98, forehandvolley kill: 1.28, forehandvolley drop: 2.16, backhandvolley drop: 2.16, 
