2
forehanddrop: 2.9699999999999998, forehanddrive: 2.145, backhanddrive: 1.6, forehandtwo wall boast: 2.17, forehandstraight kill: 1.9, forehandvolley kill: 1.69, forehandvolley drop: 2.98, 
forehanddrop: 3.075, forehanddrive: 1.8566666666666667, backhanddrive: 1.38, forehandtwo wall boast: 2.025, forehandvolley drop: 2.5250000000000004, 
