3
forehanddrop: 2.244285714285714, backhanddrop: 2.37, forehanddrive: 1.615, backhanddrive: 1.6560000000000001, forehandcross court lob: 2.81, backhandcross court lob: 3.24, forehandtwo wall boast: 1.5187499999999998, backhandtwo wall boast: 1.4600000000000002, forehandstraight kill: 1.33, forehandvolley kill: 1.7325, backhandvolley kill: 2.245, forehandvolley drop: 2.21, 
forehanddrop: 2.19, backhanddrop: 2.3, forehanddrive: 1.6593749999999998, backhanddrive: 1.7, forehandcross court lob: 2.4160000000000004, backhandcross court lob: 2.4845454545454544, forehandtwo wall boast: 1.7966666666666669, backhandtwo wall boast: 1.73, forehandstraight kill: 1.49375, backhandstraight kill: 1.5016666666666667, forehandvolley kill: 1.9233333333333336, backhandvolley kill: 1.66, 
forehanddrop: 2.3731578947368424, backhanddrop: 2.236666666666667, forehanddrive: 1.6895454545454542, backhanddrive: 1.6129166666666668, forehandcross court lob: 2.3775000000000004, backhandcross court lob: 2.4233333333333333, forehandtwo wall boast: 1.5939999999999999, backhandtwo wall boast: 1.23, forehandstraight kill: 1.895, forehandvolley kill: 1.475, backhandvolley kill: 2.28, forehandvolley drop: 2.27, 
