2
forehanddrop: 2.81, backhanddrop: 2.47, forehanddrive: 2.21, backhanddrive: 2.143333333333333, forehandcross court lob: 2.5531578947368425, backhandcross court lob: 2.678, 
backhanddrop: 2.63, forehanddrive: 2.4899999999999998, backhanddrive: 1.9166666666666667, forehandcross court lob: 2.335, backhandcross court lob: 2.783333333333333, 
